-1.727438147428581372e+00 7.616940349340438343e-02
-1.718200510276556958e+00 1.788487306237220853e-01
-1.708962873124532322e+00 3.842074146866798490e-01
-1.699725235972507908e+00 3.842074146866798490e-01
-1.690487598820483495e+00 4.868867269158363431e-01
-1.681249961668458859e+00 -1.291892656683921725e-01
-1.672012324516434445e+00 -3.345479497313499362e-01
-1.662774687364409809e+00 -3.345479497313499362e-01
-1.653537050212385395e+00 -3.345479497313499362e-01
-1.644299413060360981e+00 -4.372272619605064303e-01
-1.635061775908336346e+00 -5.399066039919853122e-01
-1.625824138756311932e+00 -5.399066039919853122e-01
-1.616586501604287296e+00 -6.425859162211418063e-01
-1.607348864452262882e+00 -7.452652880549430758e-01
-1.598111227300238468e+00 -5.399066039919853122e-01
-1.588873590148213832e+00 -6.425859162211418063e-01
-1.579635952996189419e+00 -7.452652880549430758e-01
-1.385645572803674952e+00 -1.464020652472972861e+00
-1.376407935651650316e+00 -1.464020652472972861e+00
-1.367170298499625902e+00 -1.464020652472972861e+00
-1.357932661347601488e+00 -1.464020652472972861e+00
-1.348695024195576853e+00 -1.464020652472972861e+00
-1.339457387043552439e+00 -1.464020652472972861e+00
-1.330219749891528025e+00 -1.464020652472972861e+00
-1.320982112739503389e+00 -1.464020652472972861e+00
-1.311744475587478975e+00 -1.464020652472972861e+00
-1.302506838435454339e+00 -1.464020652472972861e+00
-1.293269201283429926e+00 -1.464020652472972861e+00
-1.284031564131405512e+00 -1.464020652472972861e+00
-1.274793926979380876e+00 -1.464020652472972861e+00
-1.265556289827356462e+00 -1.464020652472972861e+00
-1.256318652675331826e+00 -1.464020652472972861e+00
-1.247081015523307412e+00 -1.464020652472972861e+00
-1.237843378371282999e+00 -1.464020652472972861e+00
-1.228605741219258363e+00 -1.464020652472972861e+00
-1.219368104067233949e+00 -1.464020652472972861e+00
-1.210130466915209535e+00 -1.464020652472972861e+00
-1.200892829763184899e+00 -1.464020652472972861e+00
-1.191655192611160485e+00 -1.464020652472972861e+00
-1.182417555459135849e+00 -1.464020652472972861e+00
-1.173179918307111436e+00 -1.464020652472972861e+00
-1.163942281155087022e+00 -1.464020652472972861e+00
-1.154704644003062386e+00 -1.464020652472972861e+00
-1.145467006851037972e+00 -1.464020652472972861e+00
-1.136229369699013336e+00 -1.464020652472972861e+00
-1.126991732546988922e+00 -1.464020652472972861e+00
-1.117754095394964509e+00 -1.464020652472972861e+00
-1.108516458242939873e+00 -1.464020652472972861e+00
-1.099278821090915459e+00 -1.464020652472972861e+00
-1.090041183938890823e+00 -1.464020652472972861e+00
-1.080803546786866409e+00 -1.464020652472972861e+00
-1.071565909634841995e+00 -1.464020652472972861e+00
-1.062328272482817360e+00 -1.464020652472972861e+00
-1.053090635330792946e+00 -1.464020652472972861e+00
-1.043852998178768532e+00 -1.464020652472972861e+00
-1.034615361026743896e+00 -1.464020652472972861e+00
-1.025377723874719482e+00 -1.464020652472972861e+00
-1.016140086722694846e+00 -1.464020652472972861e+00
-1.006902449570670433e+00 -1.464020652472972861e+00
-9.976648124186459077e-01 -1.464020652472972861e+00
-9.884271752666214939e-01 -1.464020652472972861e+00
-9.791895381145969690e-01 -1.464020652472972861e+00
-9.699519009625724442e-01 -1.464020652472972861e+00
-9.607142638105479193e-01 -1.464020652472972861e+00
-9.514766266585233945e-01 -1.464020652472972861e+00
-9.422389895064989807e-01 -1.464020652472972861e+00
-9.330013523544744558e-01 -1.464020652472972861e+00
-9.237637152024499310e-01 -1.464020652472972861e+00
-9.145260780504254061e-01 -1.361341280639171591e+00
-9.052884408984009923e-01 -1.361341280639171591e+00
-8.960508037463764675e-01 -1.361341280639171591e+00
-8.868131665943519426e-01 -1.361341280639171591e+00
-6.928227864018374760e-01 -4.372272619605064303e-01
-6.835851492498129511e-01 -3.345479497313499362e-01
-6.743475120977884263e-01 -5.399066039919853122e-01
-6.651098749457640125e-01 -2.650993108749389454e-02
-6.558722377937394876e-01 -4.372272619605064303e-01
-6.466346006417149628e-01 -5.399066039919853122e-01
-6.373969634896904379e-01 -5.399066039919853122e-01
-6.281593263376659131e-01 -4.372272619605064303e-01
-6.189216891856414993e-01 -1.291892656683921725e-01
-6.096840520336169744e-01 -4.372272619605064303e-01
-6.004464148815924496e-01 -4.372272619605064303e-01
-5.912087777295679247e-01 -1.291892656683921725e-01
-5.819711405775435109e-01 7.616940349340438343e-02
-5.727335034255189861e-01 -1.291892656683921725e-01
-5.634958662734944612e-01 -1.291892656683921725e-01
-5.542582291214699364e-01 -2.650993108749389454e-02
-5.450205919694454115e-01 8.976040652394294828e-01
-5.357829548174209977e-01 6.922453811764717191e-01
-5.265453176653964729e-01 6.922453811764717191e-01
-5.173076805133719480e-01 3.842074146866798490e-01
-5.080700433613474232e-01 2.815280726552009671e-01
-4.988324062093229538e-01 1.788487306237220853e-01
-4.895947690572984845e-01 7.616940349340438343e-02
-4.803571319052739597e-01 -2.650993108749389454e-02
-4.711194947532494903e-01 -2.650993108749389454e-02
-4.618818576012249655e-01 7.616940349340438343e-02
-4.526442204492004961e-01 7.616940349340438343e-02
-4.434065832971759713e-01 1.788487306237220853e-01
-4.341689461451514465e-01 1.788487306237220853e-01
-4.249313089931269771e-01 2.815280726552009671e-01
-4.156936718411024523e-01 1.788487306237220853e-01
-4.064560346890779829e-01 7.616940349340438343e-02
-3.972183975370534581e-01 7.616940349340438343e-02
-3.879807603850289888e-01 -2.650993108749389454e-02
-3.787431232330044639e-01 -2.650993108749389454e-02
-3.695054860809799946e-01 2.815280726552009671e-01
-3.602678489289554697e-01 4.868867269158363431e-01
-3.510302117769310004e-01 6.922453811764717191e-01
-3.417925746249064756e-01 7.949247530102729886e-01
-3.325549374728820062e-01 6.922453811764717191e-01
-3.233173003208574814e-01 5.895660689473152249e-01
-3.140796631688329565e-01 3.842074146866798490e-01
-3.048420260168084872e-01 3.842074146866798490e-01
-2.956043888647839624e-01 1.788487306237220853e-01
-2.863667517127594930e-01 2.815280726552009671e-01
-2.771291145607349682e-01 4.868867269158363431e-01
-2.678914774087104989e-01 8.976040652394294828e-01
-2.586538402566859740e-01 7.949247530102729886e-01
-2.494162031046614769e-01 5.895660689473152249e-01
-2.401785659526369798e-01 6.922453811764717191e-01
-2.309409288006124827e-01 3.842074146866798490e-01
-2.217032916485879857e-01 3.842074146866798490e-01
-2.124656544965634886e-01 1.788487306237220853e-01
-2.032280173445389915e-01 3.842074146866798490e-01
-1.939903801925144944e-01 7.949247530102729886e-01
0.000000000000000000e+00 -9.506239721179008395e-01
9.237637152024498824e-03 -9.506239721179008395e-01
1.847527430404899765e-02 -1.053303284347057334e+00
2.771291145607349821e-02 -1.053303284347057334e+00
3.695054860809799530e-02 -1.053303284347057334e+00
4.618818576012249932e-02 -1.053303284347057334e+00
5.542582291214699641e-02 -1.053303284347057334e+00
6.466346006417149350e-02 -1.053303284347057334e+00
7.390109721619599059e-02 -9.506239721179008395e-01
8.313873436822050156e-02 -7.452652880549430758e-01
9.237637152024499865e-02 -7.452652880549430758e-01
1.016140086722694957e-01 -8.479446002840995700e-01
1.108516458242939928e-01 -7.452652880549430758e-01
1.200892829763184899e-01 -8.479446002840995700e-01
1.293269201283429870e-01 -8.479446002840995700e-01
1.385645572803674841e-01 -8.479446002840995700e-01
1.478021944323919812e-01 -7.452652880549430758e-01
1.570398315844164783e-01 -6.425859162211418063e-01
1.662774687364410031e-01 -5.399066039919853122e-01
1.755151058884655002e-01 -3.345479497313499362e-01
1.847527430404899973e-01 -1.291892656683921725e-01
1.939903801925144944e-01 -2.650993108749389454e-02
2.032280173445389915e-01 7.616940349340438343e-02
2.124656544965634886e-01 2.815280726552009671e-01
2.217032916485879857e-01 1.788487306237220853e-01
2.309409288006124827e-01 7.616940349340438343e-02
2.401785659526369798e-01 7.616940349340438343e-02
2.494162031046614769e-01 1.788487306237220853e-01
2.586538402566859740e-01 5.895660689473152249e-01
2.678914774087104989e-01 1.000283437073230752e+00
2.771291145607349682e-01 1.102962808907032022e+00
2.863667517127594930e-01 8.976040652394294828e-01
2.956043888647839624e-01 8.976040652394294828e-01
3.048420260168084872e-01 7.949247530102729886e-01
3.140796631688329565e-01 5.895660689473152249e-01
3.233173003208574814e-01 4.868867269158363431e-01
3.325549374728820062e-01 3.842074146866798490e-01
3.417925746249064756e-01 3.842074146866798490e-01
3.510302117769310004e-01 4.868867269158363431e-01
3.602678489289554697e-01 4.868867269158363431e-01
3.695054860809799946e-01 5.895660689473152249e-01
3.787431232330044639e-01 7.949247530102729886e-01
3.879807603850289888e-01 7.949247530102729886e-01
3.972183975370534581e-01 4.868867269158363431e-01
4.064560346890779829e-01 4.868867269158363431e-01
4.156936718411024523e-01 4.868867269158363431e-01
4.249313089931269771e-01 2.815280726552009671e-01
4.341689461451514465e-01 1.788487306237220853e-01
4.434065832971759713e-01 7.616940349340438343e-02
4.526442204492004961e-01 7.616940349340438343e-02
4.618818576012249655e-01 1.788487306237220853e-01
4.711194947532494903e-01 3.842074146866798490e-01
4.803571319052739597e-01 6.922453811764717191e-01
4.895947690572984845e-01 7.949247530102729886e-01
4.988324062093229538e-01 6.922453811764717191e-01
6.928227864018374760e-01 -2.650993108749389454e-02
7.020604235538620008e-01 -1.291892656683921725e-01
7.112980607058864146e-01 -2.650993108749389454e-02
7.205356978579109395e-01 -2.650993108749389454e-02
7.297733350099354643e-01 -2.318686076998710544e-01
7.390109721619599892e-01 -2.318686076998710544e-01
7.482486093139844030e-01 -2.318686076998710544e-01
7.574862464660089278e-01 -2.318686076998710544e-01
7.667238836180334527e-01 -1.291892656683921725e-01
7.759615207700579775e-01 7.616940349340438343e-02
7.851991579220825024e-01 2.815280726552009671e-01
7.944367950741069162e-01 2.815280726552009671e-01
8.036744322261314410e-01 3.842074146866798490e-01
8.129120693781559659e-01 3.842074146866798490e-01
8.221497065301804907e-01 2.815280726552009671e-01
8.313873436822049046e-01 -2.650993108749389454e-02
8.406249808342294294e-01 7.616940349340438343e-02
8.498626179862539542e-01 -2.650993108749389454e-02
8.591002551382784791e-01 -2.650993108749389454e-02
8.683378922903028929e-01 -2.318686076998710544e-01
8.775755294423274178e-01 -2.318686076998710544e-01
8.868131665943519426e-01 -1.291892656683921725e-01
8.960508037463764675e-01 7.616940349340438343e-02
9.052884408984009923e-01 -1.291892656683921725e-01
9.145260780504254061e-01 7.616940349340438343e-02
9.237637152024499310e-01 -2.650993108749389454e-02
9.330013523544744558e-01 -2.650993108749389454e-02
9.422389895064989807e-01 -2.650993108749389454e-02
9.514766266585233945e-01 -1.291892656683921725e-01
9.607142638105479193e-01 -1.291892656683921725e-01
9.699519009625724442e-01 -1.291892656683921725e-01
9.791895381145969690e-01 -2.650993108749389454e-02
9.884271752666214939e-01 7.616940349340438343e-02
9.976648124186459077e-01 3.842074146866798490e-01
1.006902449570670433e+00 5.895660689473152249e-01
1.016140086722694846e+00 8.976040652394294828e-01
1.025377723874719482e+00 7.949247530102729886e-01
1.034615361026743896e+00 5.895660689473152249e-01
1.043852998178768532e+00 4.868867269158363431e-01
1.053090635330792946e+00 3.842074146866798490e-01
1.062328272482817360e+00 2.815280726552009671e-01
1.071565909634841995e+00 2.815280726552009671e-01
1.080803546786866409e+00 2.815280726552009671e-01
1.090041183938890823e+00 3.842074146866798490e-01
1.099278821090915459e+00 3.842074146866798490e-01
1.108516458242939873e+00 5.895660689473152249e-01
1.117754095394964509e+00 4.868867269158363431e-01
1.126991732546988922e+00 3.842074146866798490e-01
1.136229369699013336e+00 3.842074146866798490e-01
1.145467006851037972e+00 3.842074146866798490e-01
1.154704644003062386e+00 3.842074146866798490e-01
1.163942281155087022e+00 3.842074146866798490e-01
1.173179918307111436e+00 4.868867269158363431e-01
1.182417555459135849e+00 6.922453811764717191e-01
1.191655192611160485e+00 1.102962808907032022e+00
1.385645572803674952e+00 2.437794046700000550e+00
1.394883209955699366e+00 2.335114794075488831e+00
1.404120847107724002e+00 2.027076797783374573e+00
1.413358484259748415e+00 2.027076797783374573e+00
1.422596121411772829e+00 1.719038801491260537e+00
1.431833758563797465e+00 1.513680057823657998e+00
1.441071395715821879e+00 1.411000805199146280e+00
1.450309032867846515e+00 1.205642061531543741e+00
1.459546670019870929e+00 1.205642061531543741e+00
1.468784307171895342e+00 1.308321433365345010e+00
1.478021944323919978e+00 1.411000805199146280e+00
1.487259581475944392e+00 1.513680057823657998e+00
1.496497218627968806e+00 1.513680057823657998e+00
1.505734855779993442e+00 1.308321433365345010e+00
1.514972492932017856e+00 1.102962808907032022e+00
1.524210130084042492e+00 1.205642061531543741e+00
1.533447767236066905e+00 1.102962808907032022e+00
1.542685404388091319e+00 1.102962808907032022e+00
1.551923041540115955e+00 1.000283437073230752e+00
1.561160678692140369e+00 1.000283437073230752e+00
1.570398315844165005e+00 1.205642061531543741e+00
1.579635952996189419e+00 1.924397425949573526e+00
1.588873590148213832e+00 2.540473537743091370e+00
1.598111227300238468e+00 2.540473537743091370e+00
1.607348864452262882e+00 2.335114794075488831e+00
1.616586501604287296e+00 2.027076797783374573e+00
1.625824138756311932e+00 1.924397425949573526e+00
1.635061775908336346e+00 1.616359429657459268e+00
1.644299413060360981e+00 1.411000805199146280e+00
1.653537050212385395e+00 1.411000805199146280e+00
1.662774687364409809e+00 1.616359429657459268e+00
1.672012324516434445e+00 2.232435541450977112e+00
1.681249961668458859e+00 2.643152790367603089e+00
1.690487598820483495e+00 2.643152790367603089e+00
1.699725235972507908e+00 2.437794046700000550e+00
1.708962873124532322e+00 2.129756050407886292e+00
1.718200510276556958e+00 1.821718054115772256e+00
1.727438147428581372e+00 1.513680057823657998e+00
