mean vector of training data [  5.16544904e+00   1.49962292e+01   2.72655677e+04   2.13679726e+03
   8.19926185e+03   2.27536110e+02   2.27536110e+02   7.35549906e+02
   2.88000000e+02   6.46207276e+02   2.35393317e+00   9.98000000e-01
   1.23016547e+01   1.02948874e+00   3.37010978e+01   6.63186551e-01
   9.75100450e-01   9.87459097e-01] 
std vector of training data [  2.63215049e+00   7.76258065e+00   2.22184344e+04   7.76013446e+02
   1.09361048e+03   2.01111957e+02   2.01111957e+02   1.74252085e+02
   1.00000000e+00   7.28845128e+01   1.08803940e+00   2.14828155e-13
   5.35409440e+00   1.04211894e-02   2.59154791e+01   5.08845861e-01
   1.46983804e-02   7.48686065e-03]
