-1.657375427383998900e+00 1.464385506969167160e-02 -6.885565518233756344e-02 7.443342760934762437e-02 -2.110890342359885707e-01 1.531867230368406385e-01 -4.012708718812771358e-01
1.576077190143310158e+00 1.464385506969167160e-02 -6.885565518233756344e-02 7.443342760934762437e-02 -2.110890342359885707e-01 1.531867230368406385e-01 -3.999239286832266260e-01
2.401993373020186104e-02 8.897034872812115136e-01 -2.897472014762364489e-02 -1.985634251495347058e-01 4.678189407393192889e-01 -1.089553248619633097e+00 -6.356389883420735520e-01
8.868898608074810008e-02 -2.910912654088432250e-02 1.247215200963133208e+00 1.634266873645779956e-03 1.306469968649993874e+00 4.017347173681355965e-01 -3.292094107855724761e-01
8.868898608074810008e-02 1.545998211439851389e+00 -1.783735861674919265e+00 5.112283920235586310e-01 -1.888391090057337740e+00 1.147378700362019943e+00 6.405896918108263671e-01
8.868898608074810008e-02 1.464385506969167160e-02 -2.897472014762364489e-02 2.549604892623206887e+00 -1.768583800355813640e+00 1.644474689024609360e+00 2.698045426833047600e+00
2.401993373020186104e-02 4.084206895648755942e-01 -1.703973991605495009e+00 1.983405705757083567e-02 -1.768583800355813640e+00 -3.439092656257487501e-01 -5.460672656717117102e-01
8.868898608074810008e-02 1.545998211439851389e+00 1.247215200963133208e+00 4.020296509200050883e-01 1.226598442182310400e+00 -1.586649237282222291e+00 -6.780676990806659976e-01
-1.657375427383998900e+00 1.545998211439851389e+00 -2.897472014762364489e-02 5.294281822074837773e-01 -2.110890342359885707e-01 1.395926694693314207e+00 1.507347639756357882e+00
1.576077190143310158e+00 -1.516710501300463143e+00 -2.897472014762364489e-02 -3.623615368048634378e-01 -2.110890342359885707e-01 1.147378700362019943e+00 1.162530181055416278e+00
1.576077190143310158e+00 1.464385506969167160e-02 -6.885565518233756344e-02 7.443342760934762437e-02 -2.110890342359885707e-01 -1.586649237282222291e+00 -6.713329830904132267e-01
8.868898608074810008e-02 1.545998211439851389e+00 -1.783735861674919265e+00 5.112283920235586310e-01 -1.888391090057337740e+00 -8.410052542883380555e-01 -6.356389883420735520e-01
1.533580384312940581e-01 -8.166627955312473208e-01 -2.897472014762364489e-02 3.292304901843032816e-01 -5.305751401067220208e-01 1.395926694693314207e+00 1.721511608246395930e+00
2.401993373020186104e-02 1.459027999014196331e-01 -1.783735861674919265e+00 -1.763745380967122633e+00 -2.110890342359885707e-01 -1.338101242950927805e+00 -6.612309091050341259e-01
1.576077190143310158e+00 1.464385506969167160e-02 -6.885565518233756344e-02 7.443342760934762437e-02 -2.110890342359885707e-01 -8.410052542883380555e-01 -6.255369143566943402e-01
8.868898608074810008e-02 -1.516710501300463143e+00 -1.087365902170479431e-01 -4.897600680923412386e-01 -1.711532710021459736e-01 -1.586649237282222291e+00 -6.720064546894385371e-01
8.868898608074810008e-02 -1.516710501300463143e+00 -1.783735861674919265e+00 -2.073141814093855118e+00 -2.110890342359885707e-01 4.017347173681355965e-01 -4.181076618569090630e-01
1.576077190143310158e+00 1.464385506969167160e-02 -6.885565518233756344e-02 7.443342760934762437e-02 -2.110890342359885707e-01 -1.089553248619633097e+00 -6.457410623274526529e-01
8.868898608074810008e-02 -2.910912654088432250e-02 1.247215200963133208e+00 1.634266873645779956e-03 1.306469968649993874e+00 6.502827116994299717e-01 -1.379434766623938713e-01
-1.657375427383998900e+00 -1.516710501300463143e+00 -2.897472014762364489e-02 -3.623615368048634378e-01 -2.110890342359885707e-01 -1.338101242950927805e+00 -6.625778523030846356e-01
2.401993373020186104e-02 8.897034872812115136e-01 -2.897472014762364489e-02 -1.985634251495347058e-01 4.678189407393192889e-01 1.395926694693314207e+00 1.347734870787367312e+00
8.868898608074810008e-02 -1.166150897620314431e-01 1.406738941101978391e+00 1.821613285266190152e+00 -1.312175077683051805e-01 -8.410052542883380555e-01 -6.066797095839866483e-01
8.868898608074810008e-02 -2.910912654088432250e-02 1.247215200963133208e+00 1.634266873645779956e-03 1.306469968649993874e+00 -5.924572599570434583e-01 -5.864755616132283356e-01
2.401993373020186104e-02 8.897034872812115136e-01 -2.897472014762364489e-02 -1.985634251495347058e-01 4.678189407393192889e-01 -5.924572599570434583e-01 -5.871490332122536460e-01
-1.657375427383998900e+00 1.464385506969167160e-02 1.247215200963133208e+00 -1.656552331028008501e-02 1.226598442182310400e+00 -1.338101242950927805e+00 -6.625778523030846356e-01
-1.657375427383998900e+00 -1.516710501300463143e+00 -2.897472014762364489e-02 -3.623615368048634378e-01 -2.110890342359885707e-01 8.988307060307249019e-01 2.459353347820140978e-01
1.576077190143310158e+00 -1.516710501300463143e+00 -2.897472014762364489e-02 -3.623615368048634378e-01 -2.110890342359885707e-01 -1.089553248619633097e+00 -6.390063463371999930e-01
1.533580384312940581e-01 -8.166627955312473208e-01 -2.897472014762364489e-02 3.292304901843032816e-01 -5.305751401067220208e-01 8.988307060307249019e-01 1.806085896765621812e-01
-1.657375427383998900e+00 1.464385506969167160e-02 -6.885565518233756344e-02 7.443342760934762437e-02 -2.110890342359885707e-01 1.644474689024609360e+00 2.807821297474168087e+00
1.576077190143310158e+00 -1.516710501300463143e+00 -2.897472014762364489e-02 -3.623615368048634378e-01 -2.110890342359885707e-01 4.017347173681355965e-01 -3.116991492109152939e-01
-1.657375427383998900e+00 1.545998211439851389e+00 -2.897472014762364489e-02 5.294281822074837773e-01 -2.110890342359885707e-01 6.502827116994299717e-01 -9.820865231990254240e-02
8.868898608074810008e-02 1.459027999014196331e-01 -2.897472014762364489e-02 7.443342760934762437e-02 -1.312175077683051805e-01 -8.410052542883380555e-01 -6.262103859557197616e-01
8.868898608074810008e-02 -2.910912654088432250e-02 1.247215200963133208e+00 1.634266873645779956e-03 1.306469968649993874e+00 -1.089553248619633097e+00 -6.349655167430482416e-01
-1.657375427383998900e+00 -1.516710501300463143e+00 -2.897472014762364489e-02 -3.623615368048634378e-01 -2.110890342359885707e-01 4.017347173681355965e-01 -3.372910699738758122e-01
8.868898608074810008e-02 -1.166150897620314431e-01 1.406738941101978391e+00 1.821613285266190152e+00 -1.312175077683051805e-01 -1.586649237282222291e+00 -6.598839659069836161e-01
1.576077190143310158e+00 1.464385506969167160e-02 1.247215200963133208e+00 -1.656552331028008501e-02 1.226598442182310400e+00 -9.536127129445376438e-02 -4.982507821409170590e-01
8.868898608074810008e-02 1.459027999014196331e-01 -2.897472014762364489e-02 7.443342760934762437e-02 -1.312175077683051805e-01 8.988307060307249019e-01 1.247104469574641938e-01
-1.657375427383998900e+00 1.464385506969167160e-02 1.247215200963133208e+00 -1.656552331028008501e-02 1.226598442182310400e+00 4.017347173681355965e-01 -3.238216379933703259e-01
-1.657375427383998900e+00 -1.516710501300463143e+00 -2.897472014762364489e-02 -3.623615368048634378e-01 -2.110890342359885707e-01 -1.089553248619633097e+00 -6.470880055255032737e-01
1.576077190143310158e+00 1.545998211439851389e+00 -2.897472014762364489e-02 5.294281822074837773e-01 -2.110890342359885707e-01 -5.924572599570434583e-01 -5.911898628064051753e-01
2.401993373020186104e-02 1.459027999014196331e-01 -1.783735861674919265e+00 -1.763745380967122633e+00 -2.110890342359885707e-01 1.395926694693314207e+00 1.644735845957514320e+00
-1.657375427383998900e+00 1.545998211439851389e+00 -2.897472014762364489e-02 5.294281822074837773e-01 -2.110890342359885707e-01 -9.536127129445376438e-02 -4.874752365565126477e-01
8.868898608074810008e-02 1.459027999014196331e-01 -2.897472014762364489e-02 7.443342760934762437e-02 -1.312175077683051805e-01 -9.536127129445376438e-02 -5.029650833340940652e-01
1.576077190143310158e+00 1.545998211439851389e+00 -2.897472014762364489e-02 5.294281822074837773e-01 -2.110890342359885707e-01 -3.439092656257487501e-01 -5.332713052902314788e-01
8.868898608074810008e-02 1.545998211439851389e+00 1.247215200963133208e+00 4.020296509200050883e-01 1.226598442182310400e+00 8.988307060307249019e-01 1.556901405126270010e-01
1.576077190143310158e+00 1.545998211439851389e+00 -2.897472014762364489e-02 5.294281822074837773e-01 -2.110890342359885707e-01 -9.536127129445376438e-02 -4.531281850062234828e-01
1.533580384312940581e-01 -8.166627955312473208e-01 -2.897472014762364489e-02 3.292304901843032816e-01 -5.305751401067220208e-01 -1.089553248619633097e+00 -6.417002327333010125e-01
8.868898608074810008e-02 -2.910912654088432250e-02 1.247215200963133208e+00 1.634266873645779956e-03 1.306469968649993874e+00 1.147378700362019943e+00 7.698962388236797461e-01
2.401993373020186104e-02 8.897034872812115136e-01 -2.897472014762364489e-02 -1.985634251495347058e-01 4.678189407393192889e-01 1.531867230368406385e-01 -3.857810251036958293e-01
1.576077190143310158e+00 1.464385506969167160e-02 1.247215200963133208e+00 -1.656552331028008501e-02 1.226598442182310400e+00 4.017347173681355965e-01 -3.036174900226119577e-01
-1.657375427383998900e+00 1.464385506969167160e-02 -6.885565518233756344e-02 7.443342760934762437e-02 -2.110890342359885707e-01 4.017347173681355965e-01 -3.143930356070164245e-01
8.868898608074810008e-02 -1.166150897620314431e-01 1.406738941101978391e+00 1.821613285266190152e+00 -1.312175077683051805e-01 4.017347173681355965e-01 -2.867807000469800305e-01
-1.657375427383998900e+00 1.464385506969167160e-02 -6.885565518233756344e-02 7.443342760934762437e-02 -2.110890342359885707e-01 -8.410052542883380555e-01 -6.315981587479219117e-01
8.868898608074810008e-02 -1.166150897620314431e-01 1.406738941101978391e+00 1.821613285266190152e+00 -1.312175077683051805e-01 -9.536127129445376438e-02 -4.706384465808807205e-01
8.868898608074810008e-02 -1.166150897620314431e-01 1.406738941101978391e+00 1.821613285266190152e+00 -1.312175077683051805e-01 -1.089553248619633097e+00 -6.315981587479219117e-01
2.401993373020186104e-02 8.897034872812115136e-01 -2.897472014762364489e-02 -1.985634251495347058e-01 4.678189407393192889e-01 8.988307060307249019e-01 1.395268221360203287e-01
-1.657375427383998900e+00 1.545998211439851389e+00 -2.897472014762364489e-02 5.294281822074837773e-01 -2.110890342359885707e-01 -5.924572599570434583e-01 -6.026388799898348969e-01
8.868898608074810008e-02 -1.516710501300463143e+00 -1.087365902170479431e-01 -4.897600680923412386e-01 -1.711532710021459736e-01 1.531867230368406385e-01 -4.706384465808807205e-01
8.868898608074810008e-02 1.464385506969167160e-02 -2.897472014762364489e-02 2.549604892623206887e+00 -1.768583800355813640e+00 -1.338101242950927805e+00 -6.592104943079583057e-01
-1.657375427383998900e+00 1.464385506969167160e-02 1.247215200963133208e+00 -1.656552331028008501e-02 1.226598442182310400e+00 1.531867230368406385e-01 -4.194546050549596283e-01
8.868898608074810008e-02 1.545998211439851389e+00 -1.783735861674919265e+00 5.112283920235586310e-01 -1.888391090057337740e+00 4.017347173681355965e-01 -2.746582112645250540e-01
-1.657375427383998900e+00 1.464385506969167160e-02 -6.885565518233756344e-02 7.443342760934762437e-02 -2.110890342359885707e-01 -9.536127129445376438e-02 -4.921895377496895985e-01
8.868898608074810008e-02 1.464385506969167160e-02 -2.897472014762364489e-02 2.549604892623206887e+00 -1.768583800355813640e+00 -5.924572599570434583e-01 -5.905163912073799759e-01
8.868898608074810008e-02 1.459027999014196331e-01 -2.897472014762364489e-02 7.443342760934762437e-02 -1.312175077683051805e-01 -1.586649237282222291e+00 -6.713329830904132267e-01
1.533580384312940581e-01 -8.166627955312473208e-01 -2.897472014762364489e-02 3.292304901843032816e-01 -5.305751401067220208e-01 -1.338101242950927805e+00 -6.571900795108823745e-01
8.868898608074810008e-02 1.545998211439851389e+00 1.247215200963133208e+00 4.020296509200050883e-01 1.226598442182310400e+00 1.395926694693314207e+00 1.460878099423613907e+00
8.868898608074810008e-02 1.896557815119956358e-01 -2.897472014762364489e-02 -1.654546639863569979e+00 1.745763364222253422e+00 -5.924572599570434583e-01 -6.073531811830118476e-01
2.401993373020186104e-02 1.459027999014196331e-01 -1.783735861674919265e+00 -1.763745380967122633e+00 -2.110890342359885707e-01 6.502827116994299717e-01 -2.167396537483512187e-01
8.868898608074810008e-02 1.545998211439851389e+00 -1.783735861674919265e+00 5.112283920235586310e-01 -1.888391090057337740e+00 -9.536127129445376438e-02 -5.016181401360434444e-01
1.576077190143310158e+00 1.545998211439851389e+00 -2.897472014762364489e-02 5.294281822074837773e-01 -2.110890342359885707e-01 4.017347173681355965e-01 -1.978824489756434990e-01
-1.657375427383998900e+00 1.464385506969167160e-02 -6.885565518233756344e-02 7.443342760934762437e-02 -2.110890342359885707e-01 -1.089553248619633097e+00 -6.518023067186802244e-01
2.401993373020186104e-02 8.897034872812115136e-01 -2.897472014762364489e-02 -1.985634251495347058e-01 4.678189407393192889e-01 1.147378700362019943e+00 6.129773562507900841e-01
2.401993373020186104e-02 4.084206895648755942e-01 -1.703973991605495009e+00 1.983405705757083567e-02 -1.768583800355813640e+00 -9.536127129445376438e-02 -4.881487081555379026e-01
8.868898608074810008e-02 1.545998211439851389e+00 1.247215200963133208e+00 4.020296509200050883e-01 1.226598442182310400e+00 -1.338101242950927805e+00 -6.679656250952868968e-01
8.868898608074810008e-02 1.896557815119956358e-01 -2.897472014762364489e-02 -1.654546639863569979e+00 1.745763364222253422e+00 -1.586649237282222291e+00 -6.760472842835902885e-01
2.401993373020186104e-02 1.459027999014196331e-01 -1.783735861674919265e+00 -1.763745380967122633e+00 -2.110890342359885707e-01 -1.586649237282222291e+00 -6.706595114913880273e-01
-1.657375427383998900e+00 1.464385506969167160e-02 -6.885565518233756344e-02 7.443342760934762437e-02 -2.110890342359885707e-01 -3.439092656257487501e-01 -5.554958680580656116e-01
-1.657375427383998900e+00 1.464385506969167160e-02 1.247215200963133208e+00 -1.656552331028008501e-02 1.226598442182310400e+00 1.147378700362019943e+00 7.294879428821630096e-01
1.533580384312940581e-01 -8.166627955312473208e-01 -2.897472014762364489e-02 3.292304901843032816e-01 -5.305751401067220208e-01 1.147378700362019943e+00 8.022228755768927577e-01
2.401993373020186104e-02 4.084206895648755942e-01 -1.703973991605495009e+00 1.983405705757083567e-02 -1.768583800355813640e+00 6.502827116994299717e-01 -1.379434766623938713e-01
-1.657375427383998900e+00 1.464385506969167160e-02 1.247215200963133208e+00 -1.656552331028008501e-02 1.226598442182310400e+00 1.644474689024609360e+00 2.630698266930520113e+00
8.868898608074810008e-02 1.896557815119956358e-01 -2.897472014762364489e-02 -1.654546639863569979e+00 1.745763364222253422e+00 1.147378700362019943e+00 7.416104316646179306e-01
8.868898608074810008e-02 1.896557815119956358e-01 -2.897472014762364489e-02 -1.654546639863569979e+00 1.745763364222253422e+00 1.644474689024609360e+00 2.809841712271243352e+00
8.868898608074810008e-02 1.545998211439851389e+00 -1.783735861674919265e+00 5.112283920235586310e-01 -1.888391090057337740e+00 -3.439092656257487501e-01 -5.696387716375964638e-01
2.401993373020186104e-02 8.897034872812115136e-01 -2.897472014762364489e-02 -1.985634251495347058e-01 4.678189407393192889e-01 -3.439092656257487501e-01 -5.453937940726863998e-01
2.401993373020186104e-02 8.897034872812115136e-01 -2.897472014762364489e-02 -1.985634251495347058e-01 4.678189407393192889e-01 4.017347173681355965e-01 -2.888011148440559062e-01
-1.657375427383998900e+00 -1.516710501300463143e+00 -2.897472014762364489e-02 -3.623615368048634378e-01 -2.110890342359885707e-01 6.502827116994299717e-01 -1.433312494545960214e-01
1.533580384312940581e-01 -8.166627955312473208e-01 -2.897472014762364489e-02 3.292304901843032816e-01 -5.305751401067220208e-01 -8.410052542883380555e-01 -6.208226131635175005e-01
1.576077190143310158e+00 1.545998211439851389e+00 -2.897472014762364489e-02 5.294281822074837773e-01 -2.110890342359885707e-01 -1.338101242950927805e+00 -6.666186818972362760e-01
8.868898608074810008e-02 -2.910912654088432250e-02 1.247215200963133208e+00 1.634266873645779956e-03 1.306469968649993874e+00 -3.439092656257487501e-01 -5.460672656717117102e-01
8.868898608074810008e-02 1.896557815119956358e-01 -2.897472014762364489e-02 -1.654546639863569979e+00 1.745763364222253422e+00 -1.338101242950927805e+00 -6.672921534962615864e-01
1.576077190143310158e+00 1.545998211439851389e+00 -2.897472014762364489e-02 5.294281822074837773e-01 -2.110890342359885707e-01 8.988307060307249019e-01 3.483030178338561988e-01
8.868898608074810008e-02 1.545998211439851389e+00 -1.783735861674919265e+00 5.112283920235586310e-01 -1.888391090057337740e+00 -5.924572599570434583e-01 -6.100470675791130892e-01
8.868898608074810008e-02 -1.516710501300463143e+00 -1.087365902170479431e-01 -4.897600680923412386e-01 -1.711532710021459736e-01 -1.338101242950927805e+00 -6.632513239021098350e-01
-1.657375427383998900e+00 -1.516710501300463143e+00 -2.897472014762364489e-02 -3.623615368048634378e-01 -2.110890342359885707e-01 -8.410052542883380555e-01 -6.262103859557197616e-01
8.868898608074810008e-02 -1.516710501300463143e+00 1.287096135997847224e+00 -4.715602779084162033e-01 1.226598442182310400e+00 1.644474689024609360e+00 3.036801641142762076e+00
8.868898608074810008e-02 1.459027999014196331e-01 -2.897472014762364489e-02 7.443342760934762437e-02 -1.312175077683051805e-01 4.017347173681355965e-01 -3.426788427660780179e-01
-1.657375427383998900e+00 -1.516710501300463143e+00 -2.897472014762364489e-02 -3.623615368048634378e-01 -2.110890342359885707e-01 -1.586649237282222291e+00 -6.726799262884638475e-01
8.868898608074810008e-02 -1.516710501300463143e+00 1.287096135997847224e+00 -4.715602779084162033e-01 1.226598442182310400e+00 1.531867230368406385e-01 -4.780466341701586908e-01
8.868898608074810008e-02 1.459027999014196331e-01 -2.897472014762364489e-02 7.443342760934762437e-02 -1.312175077683051805e-01 1.395926694693314207e+00 1.526878316128090773e+00
1.576077190143310158e+00 1.545998211439851389e+00 -2.897472014762364489e-02 5.294281822074837773e-01 -2.110890342359885707e-01 1.395926694693314207e+00 1.652817505145817600e+00
8.868898608074810008e-02 1.464385506969167160e-02 -2.897472014762364489e-02 2.549604892623206887e+00 -1.768583800355813640e+00 -1.089553248619633097e+00 -6.410267611342757021e-01
2.401993373020186104e-02 1.459027999014196331e-01 -1.783735861674919265e+00 -1.763745380967122633e+00 -2.110890342359885707e-01 1.531867230368406385e-01 -4.477404122140212772e-01
8.868898608074810008e-02 1.459027999014196331e-01 -2.897472014762364489e-02 7.443342760934762437e-02 -1.312175077683051805e-01 1.531867230368406385e-01 -4.255158494461871443e-01
-1.657375427383998900e+00 1.464385506969167160e-02 -6.885565518233756344e-02 7.443342760934762437e-02 -2.110890342359885707e-01 -1.338101242950927805e+00 -6.666186818972362760e-01
2.401993373020186104e-02 8.897034872812115136e-01 -2.897472014762364489e-02 -1.985634251495347058e-01 4.678189407393192889e-01 -8.410052542883380555e-01 -6.134144255742394192e-01
2.401993373020186104e-02 1.459027999014196331e-01 -1.783735861674919265e+00 -1.763745380967122633e+00 -2.110890342359885707e-01 1.644474689024609360e+00 2.973495310834385563e+00
-1.657375427383998900e+00 1.545998211439851389e+00 -2.897472014762364489e-02 5.294281822074837773e-01 -2.110890342359885707e-01 -1.338101242950927805e+00 -6.686390966943120961e-01
8.868898608074810008e-02 -1.516710501300463143e+00 1.287096135997847224e+00 -4.715602779084162033e-01 1.226598442182310400e+00 -8.410052542883380555e-01 -6.282308007527954707e-01
8.868898608074810008e-02 -1.516710501300463143e+00 -1.087365902170479431e-01 -4.897600680923412386e-01 -1.711532710021459736e-01 1.644474689024609360e+00 3.123679477417022898e+00
8.868898608074810008e-02 1.896557815119956358e-01 -2.897472014762364489e-02 -1.654546639863569979e+00 1.745763364222253422e+00 -3.439092656257487501e-01 -5.716591864346722840e-01
8.868898608074810008e-02 1.464385506969167160e-02 -2.897472014762364489e-02 2.549604892623206887e+00 -1.768583800355813640e+00 4.017347173681355965e-01 -3.056379048196878334e-01
8.868898608074810008e-02 -1.516710501300463143e+00 -1.087365902170479431e-01 -4.897600680923412386e-01 -1.711532710021459736e-01 -8.410052542883380555e-01 -6.275573291537702714e-01
8.868898608074810008e-02 1.464385506969167160e-02 -2.897472014762364489e-02 2.549604892623206887e+00 -1.768583800355813640e+00 -9.536127129445376438e-02 -4.807405205662598768e-01
8.868898608074810008e-02 1.896557815119956358e-01 -2.897472014762364489e-02 -1.654546639863569979e+00 1.745763364222253422e+00 -9.536127129445376438e-02 -5.218222881068017571e-01
8.868898608074810008e-02 1.545998211439851389e+00 1.247215200963133208e+00 4.020296509200050883e-01 1.226598442182310400e+00 4.017347173681355965e-01 -2.537805916947414864e-01
1.576077190143310158e+00 1.464385506969167160e-02 1.247215200963133208e+00 -1.656552331028008501e-02 1.226598442182310400e+00 1.644474689024609360e+00 2.822637672652724028e+00
8.868898608074810008e-02 -1.516710501300463143e+00 1.287096135997847224e+00 -4.715602779084162033e-01 1.226598442182310400e+00 -1.586649237282222291e+00 -6.733533978874890469e-01
8.868898608074810008e-02 -1.516710501300463143e+00 -1.783735861674919265e+00 -2.073141814093855118e+00 -2.110890342359885707e-01 -5.924572599570434583e-01 -6.107205391781382886e-01
2.401993373020186104e-02 1.459027999014196331e-01 -1.783735861674919265e+00 -1.763745380967122633e+00 -2.110890342359885707e-01 8.988307060307249019e-01 9.979199779352899979e-02
2.401993373020186104e-02 8.897034872812115136e-01 -2.897472014762364489e-02 -1.985634251495347058e-01 4.678189407393192889e-01 -9.536127129445376438e-02 -4.827609353633356415e-01
8.868898608074810008e-02 -2.910912654088432250e-02 1.247215200963133208e+00 1.634266873645779956e-03 1.306469968649993874e+00 1.531867230368406385e-01 -4.100260026686057269e-01
2.401993373020186104e-02 4.084206895648755942e-01 -1.703973991605495009e+00 1.983405705757083567e-02 -1.768583800355813640e+00 4.017347173681355965e-01 -3.292094107855724761e-01
8.868898608074810008e-02 -2.910912654088432250e-02 1.247215200963133208e+00 1.634266873645779956e-03 1.306469968649993874e+00 -9.536127129445376438e-02 -4.881487081555379026e-01
1.533580384312940581e-01 -8.166627955312473208e-01 -2.897472014762364489e-02 3.292304901843032816e-01 -5.305751401067220208e-01 1.644474689024609360e+00 2.895372605347453998e+00
8.868898608074810008e-02 1.545998211439851389e+00 -1.783735861674919265e+00 5.112283920235586310e-01 -1.888391090057337740e+00 6.502827116994299717e-01 -1.083107263052816016e-01
1.576077190143310158e+00 1.464385506969167160e-02 1.247215200963133208e+00 -1.656552331028008501e-02 1.226598442182310400e+00 -5.924572599570434583e-01 -5.925368060044559071e-01
2.401993373020186104e-02 4.084206895648755942e-01 -1.703973991605495009e+00 1.983405705757083567e-02 -1.768583800355813640e+00 -1.586649237282222291e+00 -6.652717386991857662e-01
2.401993373020186104e-02 4.084206895648755942e-01 -1.703973991605495009e+00 1.983405705757083567e-02 -1.768583800355813640e+00 8.988307060307249019e-01 1.873433056668149521e-01
8.868898608074810008e-02 1.896557815119956358e-01 -2.897472014762364489e-02 -1.654546639863569979e+00 1.745763364222253422e+00 1.395926694693314207e+00 1.679082897507803374e+00
-1.657375427383998900e+00 -1.516710501300463143e+00 -2.897472014762364489e-02 -3.623615368048634378e-01 -2.110890342359885707e-01 1.644474689024609360e+00 3.083944653074531139e+00
8.868898608074810008e-02 1.464385506969167160e-02 -2.897472014762364489e-02 2.549604892623206887e+00 -1.768583800355813640e+00 1.147378700362019943e+00 7.624880512344014427e-01
-1.657375427383998900e+00 1.464385506969167160e-02 1.247215200963133208e+00 -1.656552331028008501e-02 1.226598442182310400e+00 -9.536127129445376438e-02 -5.043120265321445750e-01
-1.657375427383998900e+00 1.545998211439851389e+00 -2.897472014762364489e-02 5.294281822074837773e-01 -2.110890342359885707e-01 -1.089553248619633097e+00 -6.558431363128318647e-01
8.868898608074810008e-02 1.545998211439851389e+00 -1.783735861674919265e+00 5.112283920235586310e-01 -1.888391090057337740e+00 8.988307060307249019e-01 1.476084813243236094e-01
8.868898608074810008e-02 -1.516710501300463143e+00 -1.087365902170479431e-01 -4.897600680923412386e-01 -1.711532710021459736e-01 4.017347173681355965e-01 -3.817401955095441335e-01
1.576077190143310158e+00 1.464385506969167160e-02 -6.885565518233756344e-02 7.443342760934762437e-02 -2.110890342359885707e-01 -3.439092656257487501e-01 -5.467407372707370206e-01
1.576077190143310158e+00 -1.516710501300463143e+00 -2.897472014762364489e-02 -3.623615368048634378e-01 -2.110890342359885707e-01 -3.439092656257487501e-01 -5.480876804687875303e-01
-1.657375427383998900e+00 -1.516710501300463143e+00 -2.897472014762364489e-02 -3.623615368048634378e-01 -2.110890342359885707e-01 -9.536127129445376438e-02 -5.022916117350686438e-01
2.401993373020186104e-02 8.897034872812115136e-01 -2.897472014762364489e-02 -1.985634251495347058e-01 4.678189407393192889e-01 -1.586649237282222291e+00 -6.652717386991857662e-01
1.576077190143310158e+00 -1.516710501300463143e+00 -2.897472014762364489e-02 -3.623615368048634378e-01 -2.110890342359885707e-01 -5.924572599570434583e-01 -5.864755616132283356e-01
2.401993373020186104e-02 4.084206895648755942e-01 -1.703973991605495009e+00 1.983405705757083567e-02 -1.768583800355813640e+00 -5.924572599570434583e-01 -5.864755616132283356e-01
1.576077190143310158e+00 1.464385506969167160e-02 1.247215200963133208e+00 -1.656552331028008501e-02 1.226598442182310400e+00 1.147378700362019943e+00 8.736108650735723291e-01
1.576077190143310158e+00 1.464385506969167160e-02 1.247215200963133208e+00 -1.656552331028008501e-02 1.226598442182310400e+00 -1.089553248619633097e+00 -6.450675907284274535e-01
1.576077190143310158e+00 -1.516710501300463143e+00 -2.897472014762364489e-02 -3.623615368048634378e-01 -2.110890342359885707e-01 -1.586649237282222291e+00 -6.679656250952868968e-01
8.868898608074810008e-02 -1.166150897620314431e-01 1.406738941101978391e+00 1.821613285266190152e+00 -1.312175077683051805e-01 -3.439092656257487501e-01 -5.285570040970545280e-01
8.868898608074810008e-02 1.545998211439851389e+00 1.247215200963133208e+00 4.020296509200050883e-01 1.226598442182310400e+00 1.531867230368406385e-01 -3.783728375144177480e-01
-1.657375427383998900e+00 1.464385506969167160e-02 1.247215200963133208e+00 -1.656552331028008501e-02 1.226598442182310400e+00 -1.586649237282222291e+00 -6.733533978874890469e-01
8.868898608074810008e-02 -2.910912654088432250e-02 1.247215200963133208e+00 1.634266873645779956e-03 1.306469968649993874e+00 8.988307060307249019e-01 1.873433056668149521e-01
8.868898608074810008e-02 1.545998211439851389e+00 -1.783735861674919265e+00 5.112283920235586310e-01 -1.888391090057337740e+00 -1.338101242950927805e+00 -6.672921534962615864e-01
-1.657375427383998900e+00 1.545998211439851389e+00 -2.897472014762364489e-02 5.294281822074837773e-01 -2.110890342359885707e-01 1.531867230368406385e-01 -3.864544967027210842e-01
8.868898608074810008e-02 1.896557815119956358e-01 -2.897472014762364489e-02 -1.654546639863569979e+00 1.745763364222253422e+00 -1.089553248619633097e+00 -6.538227215157560446e-01
1.576077190143310158e+00 1.545998211439851389e+00 -2.897472014762364489e-02 5.294281822074837773e-01 -2.110890342359885707e-01 6.502827116994299717e-01 1.897540591049567960e-02
-1.657375427383998900e+00 1.545998211439851389e+00 -2.897472014762364489e-02 5.294281822074837773e-01 -2.110890342359885707e-01 4.017347173681355965e-01 -2.611887792840195122e-01
8.868898608074810008e-02 1.459027999014196331e-01 -2.897472014762364489e-02 7.443342760934762437e-02 -1.312175077683051805e-01 6.502827116994299717e-01 -1.965355057775929337e-01
-1.657375427383998900e+00 -1.516710501300463143e+00 -2.897472014762364489e-02 -3.623615368048634378e-01 -2.110890342359885707e-01 1.147378700362019943e+00 9.072844450248361836e-01
2.401993373020186104e-02 1.459027999014196331e-01 -1.783735861674919265e+00 -1.763745380967122633e+00 -2.110890342359885707e-01 -8.410052542883380555e-01 -6.322716303469472221e-01
8.868898608074810008e-02 -1.516710501300463143e+00 1.287096135997847224e+00 -4.715602779084162033e-01 1.226598442182310400e+00 1.147378700362019943e+00 9.470192693673274986e-01
8.868898608074810008e-02 -1.516710501300463143e+00 -1.783735861674919265e+00 -2.073141814093855118e+00 -2.110890342359885707e-01 -1.338101242950927805e+00 -6.672921534962615864e-01
-1.657375427383998900e+00 1.464385506969167160e-02 -6.885565518233756344e-02 7.443342760934762437e-02 -2.110890342359885707e-01 1.395926694693314207e+00 1.650123618749716359e+00
1.576077190143310158e+00 -1.516710501300463143e+00 -2.897472014762364489e-02 -3.623615368048634378e-01 -2.110890342359885707e-01 1.531867230368406385e-01 -4.295566790403387847e-01
8.868898608074810008e-02 1.464385506969167160e-02 -2.897472014762364489e-02 2.549604892623206887e+00 -1.768583800355813640e+00 1.395926694693314207e+00 1.553143708490076769e+00
8.868898608074810008e-02 1.896557815119956358e-01 -2.897472014762364489e-02 -1.654546639863569979e+00 1.745763364222253422e+00 6.502827116994299717e-01 -1.999028637727192914e-01
8.868898608074810008e-02 1.464385506969167160e-02 -2.897472014762364489e-02 2.549604892623206887e+00 -1.768583800355813640e+00 -8.410052542883380555e-01 -6.208226131635175005e-01
8.868898608074810008e-02 -1.166150897620314431e-01 1.406738941101978391e+00 1.821613285266190152e+00 -1.312175077683051805e-01 8.988307060307249019e-01 1.833024760726633673e-01
1.576077190143310158e+00 1.464385506969167160e-02 1.247215200963133208e+00 -1.656552331028008501e-02 1.226598442182310400e+00 -1.338101242950927805e+00 -6.612309091050341259e-01
2.401993373020186104e-02 1.459027999014196331e-01 -1.783735861674919265e+00 -1.763745380967122633e+00 -2.110890342359885707e-01 -1.089553248619633097e+00 -6.497818919216044042e-01
8.868898608074810008e-02 -1.166150897620314431e-01 1.406738941101978391e+00 1.821613285266190152e+00 -1.312175077683051805e-01 1.147378700362019943e+00 6.958143629308991551e-01
1.533580384312940581e-01 -8.166627955312473208e-01 -2.897472014762364489e-02 3.292304901843032816e-01 -5.305751401067220208e-01 6.502827116994299717e-01 -1.823926021980621093e-01
2.401993373020186104e-02 1.459027999014196331e-01 -1.783735861674919265e+00 -1.763745380967122633e+00 -2.110890342359885707e-01 -3.439092656257487501e-01 -5.662714136424700229e-01
8.868898608074810008e-02 -1.516710501300463143e+00 1.287096135997847224e+00 -4.715602779084162033e-01 1.226598442182310400e+00 -3.439092656257487501e-01 -5.730061296327227938e-01
8.868898608074810008e-02 -1.516710501300463143e+00 -1.087365902170479431e-01 -4.897600680923412386e-01 -1.711532710021459736e-01 1.147378700362019943e+00 9.348967805848725776e-01
1.533580384312940581e-01 -8.166627955312473208e-01 -2.897472014762364489e-02 3.292304901843032816e-01 -5.305751401067220208e-01 -9.536127129445376438e-02 -5.110467425223973459e-01
-1.657375427383998900e+00 1.545998211439851389e+00 -2.897472014762364489e-02 5.294281822074837773e-01 -2.110890342359885707e-01 8.988307060307249019e-01 1.624248565028797442e-01
8.868898608074810008e-02 -1.516710501300463143e+00 1.287096135997847224e+00 -4.715602779084162033e-01 1.226598442182310400e+00 -9.536127129445376438e-02 -5.325978336912061684e-01
1.576077190143310158e+00 -1.516710501300463143e+00 -2.897472014762364489e-02 -3.623615368048634378e-01 -2.110890342359885707e-01 1.395926694693314207e+00 2.134349698448890997e+00
8.868898608074810008e-02 1.545998211439851389e+00 -1.783735861674919265e+00 5.112283920235586310e-01 -1.888391090057337740e+00 1.531867230368406385e-01 -3.992504570842013156e-01
-1.657375427383998900e+00 1.464385506969167160e-02 -6.885565518233756344e-02 7.443342760934762437e-02 -2.110890342359885707e-01 8.988307060307249019e-01 1.772412316814358790e-01
8.868898608074810008e-02 -1.166150897620314431e-01 1.406738941101978391e+00 1.821613285266190152e+00 -1.312175077683051805e-01 -1.338101242950927805e+00 -6.491084203225790938e-01
2.401993373020186104e-02 8.897034872812115136e-01 -2.897472014762364489e-02 -1.985634251495347058e-01 4.678189407393192889e-01 1.644474689024609360e+00 2.310125785794488351e+00
8.868898608074810008e-02 -2.910912654088432250e-02 1.247215200963133208e+00 1.634266873645779956e-03 1.306469968649993874e+00 -1.338101242950927805e+00 -6.551696647138066654e-01
8.868898608074810008e-02 -2.910912654088432250e-02 1.247215200963133208e+00 1.634266873645779956e-03 1.306469968649993874e+00 -8.410052542883380555e-01 -6.161083119703405497e-01
8.868898608074810008e-02 -1.516710501300463143e+00 -1.783735861674919265e+00 -2.073141814093855118e+00 -2.110890342359885707e-01 -8.410052542883380555e-01 -6.363124599410987514e-01
8.868898608074810008e-02 1.545998211439851389e+00 -1.783735861674919265e+00 5.112283920235586310e-01 -1.888391090057337740e+00 -1.586649237282222291e+00 -6.760472842835902885e-01
-1.657375427383998900e+00 -1.516710501300463143e+00 -2.897472014762364489e-02 -3.623615368048634378e-01 -2.110890342359885707e-01 -3.439092656257487501e-01 -5.541489248600151019e-01
-1.657375427383998900e+00 -1.516710501300463143e+00 -2.897472014762364489e-02 -3.623615368048634378e-01 -2.110890342359885707e-01 1.395926694693314207e+00 1.822532348100187605e+00
1.576077190143310158e+00 1.464385506969167160e-02 -6.885565518233756344e-02 7.443342760934762437e-02 -2.110890342359885707e-01 1.395926694693314207e+00 1.888532564804664471e+00
-1.657375427383998900e+00 1.464385506969167160e-02 1.247215200963133208e+00 -1.656552331028008501e-02 1.226598442182310400e+00 6.502827116994299717e-01 -1.574741530341268458e-01
8.868898608074810008e-02 -1.516710501300463143e+00 -1.783735861674919265e+00 -2.073141814093855118e+00 -2.110890342359885707e-01 1.395926694693314207e+00 2.105390419690804205e+00
2.401993373020186104e-02 4.084206895648755942e-01 -1.703973991605495009e+00 1.983405705757083567e-02 -1.768583800355813640e+00 1.395926694693314207e+00 1.609041851209174645e+00
-1.657375427383998900e+00 1.545998211439851389e+00 -2.897472014762364489e-02 5.294281822074837773e-01 -2.110890342359885707e-01 1.644474689024609360e+00 2.751923154755069767e+00
2.401993373020186104e-02 4.084206895648755942e-01 -1.703973991605495009e+00 1.983405705757083567e-02 -1.768583800355813640e+00 -1.338101242950927805e+00 -6.551696647138066654e-01
1.576077190143310158e+00 1.464385506969167160e-02 -6.885565518233756344e-02 7.443342760934762437e-02 -2.110890342359885707e-01 6.502827116994299717e-01 -6.790243036376500396e-02
8.868898608074810008e-02 1.545998211439851389e+00 1.247215200963133208e+00 4.020296509200050883e-01 1.226598442182310400e+00 -8.410052542883380555e-01 -6.295777439508460915e-01
8.868898608074810008e-02 -1.166150897620314431e-01 1.406738941101978391e+00 1.821613285266190152e+00 -1.312175077683051805e-01 1.531867230368406385e-01 -4.032912866783530115e-01
1.576077190143310158e+00 -1.516710501300463143e+00 -2.897472014762364489e-02 -3.623615368048634378e-01 -2.110890342359885707e-01 8.988307060307249019e-01 4.196910073305354927e-01
8.868898608074810008e-02 1.545998211439851389e+00 -1.783735861674919265e+00 5.112283920235586310e-01 -1.888391090057337740e+00 1.644474689024609360e+00 2.463677310372251128e+00
1.576077190143310158e+00 -1.516710501300463143e+00 -2.897472014762364489e-02 -3.623615368048634378e-01 -2.110890342359885707e-01 -1.338101242950927805e+00 -6.571900795108823745e-01
8.868898608074810008e-02 1.545998211439851389e+00 1.247215200963133208e+00 4.020296509200050883e-01 1.226598442182310400e+00 -5.924572599570434583e-01 -5.952306924005569266e-01
8.868898608074810008e-02 1.464385506969167160e-02 -2.897472014762364489e-02 2.549604892623206887e+00 -1.768583800355813640e+00 1.531867230368406385e-01 -3.952096274900496753e-01
2.401993373020186104e-02 1.459027999014196331e-01 -1.783735861674919265e+00 -1.763745380967122633e+00 -2.110890342359885707e-01 1.147378700362019943e+00 7.106307381094552067e-01
-1.657375427383998900e+00 1.545998211439851389e+00 -2.897472014762364489e-02 5.294281822074837773e-01 -2.110890342359885707e-01 -3.439092656257487501e-01 -5.541489248600151019e-01
2.401993373020186104e-02 1.459027999014196331e-01 -1.783735861674919265e+00 -1.763745380967122633e+00 -2.110890342359885707e-01 4.017347173681355965e-01 -3.675972919300132813e-01
1.576077190143310158e+00 1.464385506969167160e-02 1.247215200963133208e+00 -1.656552331028008501e-02 1.226598442182310400e+00 6.502827116994299717e-01 -8.878004993354862706e-02
-1.657375427383998900e+00 1.464385506969167160e-02 -6.885565518233756344e-02 7.443342760934762437e-02 -2.110890342359885707e-01 -1.586649237282222291e+00 -6.740268694865143573e-01
-1.657375427383998900e+00 1.464385506969167160e-02 -6.885565518233756344e-02 7.443342760934762437e-02 -2.110890342359885707e-01 -5.924572599570434583e-01 -6.019654083908096975e-01
1.533580384312940581e-01 -8.166627955312473208e-01 -2.897472014762364489e-02 3.292304901843032816e-01 -5.305751401067220208e-01 -1.586649237282222291e+00 -6.686390966943120961e-01
1.576077190143310158e+00 1.464385506969167160e-02 -6.885565518233756344e-02 7.443342760934762437e-02 -2.110890342359885707e-01 8.988307060307249019e-01 3.267519266650473209e-01
1.576077190143310158e+00 1.464385506969167160e-02 1.247215200963133208e+00 -1.656552331028008501e-02 1.226598442182310400e+00 1.531867230368406385e-01 -4.255158494461871443e-01
-1.657375427383998900e+00 1.545998211439851389e+00 -2.897472014762364489e-02 5.294281822074837773e-01 -2.110890342359885707e-01 1.147378700362019943e+00 6.958143629308991551e-01
8.868898608074810008e-02 -1.516710501300463143e+00 1.287096135997847224e+00 -4.715602779084162033e-01 1.226598442182310400e+00 4.017347173681355965e-01 -3.810667239105188231e-01
8.868898608074810008e-02 1.896557815119956358e-01 -2.897472014762364489e-02 -1.654546639863569979e+00 1.745763364222253422e+00 4.017347173681355965e-01 -3.682707635290385362e-01
2.401993373020186104e-02 1.459027999014196331e-01 -1.783735861674919265e+00 -1.763745380967122633e+00 -2.110890342359885707e-01 -5.924572599570434583e-01 -6.053327663859361385e-01
8.868898608074810008e-02 -1.166150897620314431e-01 1.406738941101978391e+00 1.821613285266190152e+00 -1.312175077683051805e-01 6.502827116994299717e-01 -1.211066866867619440e-01
8.868898608074810008e-02 -1.516710501300463143e+00 -1.783735861674919265e+00 -2.073141814093855118e+00 -2.110890342359885707e-01 -1.586649237282222291e+00 -6.753738126845648670e-01
8.868898608074810008e-02 1.545998211439851389e+00 -1.783735861674919265e+00 5.112283920235586310e-01 -1.888391090057337740e+00 -1.089553248619633097e+00 -6.544961931147813550e-01
8.868898608074810008e-02 -1.516710501300463143e+00 -1.087365902170479431e-01 -4.897600680923412386e-01 -1.711532710021459736e-01 8.988307060307249019e-01 2.486292211781151451e-01
-1.657375427383998900e+00 1.464385506969167160e-02 1.247215200963133208e+00 -1.656552331028008501e-02 1.226598442182310400e+00 -1.089553248619633097e+00 -6.484349487235538945e-01
8.868898608074810008e-02 1.545998211439851389e+00 1.247215200963133208e+00 4.020296509200050883e-01 1.226598442182310400e+00 -1.089553248619633097e+00 -6.524757783177054238e-01
8.868898608074810008e-02 1.464385506969167160e-02 -2.897472014762364489e-02 2.549604892623206887e+00 -1.768583800355813640e+00 -1.586649237282222291e+00 -6.726799262884638475e-01
8.868898608074810008e-02 1.545998211439851389e+00 -1.783735861674919265e+00 5.112283920235586310e-01 -1.888391090057337740e+00 1.395926694693314207e+00 1.374000263149353307e+00
8.868898608074810008e-02 -1.516710501300463143e+00 -1.087365902170479431e-01 -4.897600680923412386e-01 -1.711532710021459736e-01 -9.536127129445376438e-02 -5.251896461019281981e-01
1.576077190143310158e+00 1.464385506969167160e-02 1.247215200963133208e+00 -1.656552331028008501e-02 1.226598442182310400e+00 1.395926694693314207e+00 1.709389119463941009e+00
8.868898608074810008e-02 1.896557815119956358e-01 -2.897472014762364489e-02 -1.654546639863569979e+00 1.745763364222253422e+00 1.531867230368406385e-01 -4.571690146003751232e-01
-1.657375427383998900e+00 1.464385506969167160e-02 1.247215200963133208e+00 -1.656552331028008501e-02 1.226598442182310400e+00 -3.439092656257487501e-01 -5.602101692512425624e-01
8.868898608074810008e-02 -1.516710501300463143e+00 1.287096135997847224e+00 -4.715602779084162033e-01 1.226598442182310400e+00 -1.338101242950927805e+00 -6.619043807040593252e-01
-1.657375427383998900e+00 -1.516710501300463143e+00 -2.897472014762364489e-02 -3.623615368048634378e-01 -2.110890342359885707e-01 1.531867230368406385e-01 -4.302301506393640951e-01
1.576077190143310158e+00 1.464385506969167160e-02 1.247215200963133208e+00 -1.656552331028008501e-02 1.226598442182310400e+00 -8.410052542883380555e-01 -6.228430279605933206e-01
1.576077190143310158e+00 1.545998211439851389e+00 -2.897472014762364489e-02 5.294281822074837773e-01 -2.110890342359885707e-01 -1.586649237282222291e+00 -6.767207558826154878e-01
8.868898608074810008e-02 1.464385506969167160e-02 -2.897472014762364489e-02 2.549604892623206887e+00 -1.768583800355813640e+00 -3.439092656257487501e-01 -5.447203224736610894e-01
1.576077190143310158e+00 1.464385506969167160e-02 -6.885565518233756344e-02 7.443342760934762437e-02 -2.110890342359885707e-01 1.644474689024609360e+00 3.054985374316444346e+00
2.401993373020186104e-02 8.897034872812115136e-01 -2.897472014762364489e-02 -1.985634251495347058e-01 4.678189407393192889e-01 6.502827116994299717e-01 -1.372700050633686164e-01
2.401993373020186104e-02 1.459027999014196331e-01 -1.783735861674919265e+00 -1.763745380967122633e+00 -2.110890342359885707e-01 -9.536127129445376438e-02 -5.130671573194731661e-01
8.868898608074810008e-02 -1.516710501300463143e+00 -1.783735861674919265e+00 -2.073141814093855118e+00 -2.110890342359885707e-01 6.502827116994299717e-01 -1.945150909805170858e-01
1.576077190143310158e+00 -1.516710501300463143e+00 -2.897472014762364489e-02 -3.623615368048634378e-01 -2.110890342359885707e-01 -9.536127129445376438e-02 -5.022916117350686438e-01
8.868898608074810008e-02 -1.516710501300463143e+00 1.287096135997847224e+00 -4.715602779084162033e-01 1.226598442182310400e+00 -1.089553248619633097e+00 -6.477614771245284730e-01
1.576077190143310158e+00 -1.516710501300463143e+00 -2.897472014762364489e-02 -3.623615368048634378e-01 -2.110890342359885707e-01 1.644474689024609360e+00 3.419333509389119286e+00
1.576077190143310158e+00 1.464385506969167160e-02 -6.885565518233756344e-02 7.443342760934762437e-02 -2.110890342359885707e-01 4.017347173681355965e-01 -2.773520976606261845e-01
1.576077190143310158e+00 1.464385506969167160e-02 -6.885565518233756344e-02 7.443342760934762437e-02 -2.110890342359885707e-01 -5.924572599570434583e-01 -5.925368060044559071e-01
1.576077190143310158e+00 1.464385506969167160e-02 -6.885565518233756344e-02 7.443342760934762437e-02 -2.110890342359885707e-01 1.147378700362019943e+00 9.463457977683020772e-01
8.868898608074810008e-02 -1.166150897620314431e-01 1.406738941101978391e+00 1.821613285266190152e+00 -1.312175077683051805e-01 1.395926694693314207e+00 1.499265980568054824e+00
-1.657375427383998900e+00 -1.516710501300463143e+00 -2.897472014762364489e-02 -3.623615368048634378e-01 -2.110890342359885707e-01 -5.924572599570434583e-01 -5.972511071976328578e-01
8.868898608074810008e-02 -2.910912654088432250e-02 1.247215200963133208e+00 1.634266873645779956e-03 1.306469968649993874e+00 1.644474689024609360e+00 2.712861802011603540e+00
-1.657375427383998900e+00 1.464385506969167160e-02 1.247215200963133208e+00 -1.656552331028008501e-02 1.226598442182310400e+00 -8.410052542883380555e-01 -6.268838575547449610e-01
1.533580384312940581e-01 -8.166627955312473208e-01 -2.897472014762364489e-02 3.292304901843032816e-01 -5.305751401067220208e-01 -5.924572599570434583e-01 -5.952306924005569266e-01
